#Table: J/A+A/291/943/table1.dat (http://cdsarc.cds.unistra.fr)
#-----------------------------------------------------------------
# n(H)|  Lambda0|   Kappa0|  Lambda1|   Kappa1|  Lambda2|   Kappa2
#-----|---------|---------|---------|---------|---------|---------
 0   |1.000E+00|9.180E+03|1.000E+00|1.106E+04|1.000E+00|1.062E+04
 0   |1.166E+00|7.853E+03|1.166E+00|9.413E+03|1.166E+00|9.061E+03
 0   |1.359E+00|6.572E+03|1.359E+00|7.916E+03|1.359E+00|7.593E+03
 0   |1.585E+00|5.231E+03|1.585E+00|6.470E+03|1.585E+00|6.099E+03
 0   |1.848E+00|4.143E+03|1.848E+00|5.340E+03|1.848E+00|4.888E+03
 0   |2.154E+00|3.250E+03|2.154E+00|4.419E+03|2.154E+00|3.888E+03
 0   |2.512E+00|2.498E+03|2.512E+00|3.658E+03|2.512E+00|3.034E+03
 0   |2.712E+00|2.205E+03|2.712E+00|3.380E+03|2.712E+00|2.688E+03
 0   |2.818E+00|2.072E+03|2.818E+00|7.170E+03|2.818E+00|2.945E+03
 0   |2.929E+00|1.950E+03|2.929E+00|3.129E+04|2.929E+00|5.412E+03
 0   |3.043E+00|1.837E+03|3.043E+00|3.314E+04|3.043E+00|5.060E+03
 0   |3.162E+00|1.730E+03|3.162E+00|1.636E+04|3.162E+00|3.397E+03
 0   |3.286E+00|1.624E+03|3.286E+00|5.111E+03|3.286E+00|2.275E+03
 0   |3.414E+00|1.521E+03|3.414E+00|3.063E+03|3.414E+00|1.976E+03
 0   |3.548E+00|1.423E+03|3.548E+00|2.555E+03|3.548E+00|1.820E+03
 0   |3.687E+00|1.357E+03|3.687E+00|1.847E+03|3.687E+00|1.680E+03
 0   |3.831E+00|1.295E+03|3.831E+00|1.816E+03|3.831E+00|1.609E+03
 0   |3.981E+00|1.235E+03|3.981E+00|1.714E+03|3.981E+00|1.535E+03
 0   |4.299E+00|1.116E+03|4.299E+00|1.763E+03|4.299E+00|1.411E+03
 0   |4.642E+00|1.011E+03|4.642E+00|1.892E+03|4.642E+00|1.309E+03
 0   |5.012E+00|9.186E+02|5.012E+00|1.269E+03|5.012E+00|1.147E+03
 0   |5.412E+00|8.404E+02|5.412E+00|1.157E+03|5.412E+00|1.048E+03
 0   |5.843E+00|7.902E+02|5.843E+00|2.584E+03|5.843E+00|1.131E+03
 0   |6.310E+00|7.652E+02|6.310E+00|2.277E+03|6.310E+00|1.076E+03
 0   |6.813E+00|7.395E+02|6.813E+00|2.114E+03|6.813E+00|1.031E+03
 0   |7.356E+00|7.143E+02|7.356E+00|1.350E+03|7.356E+00|9.275E+02
 0   |7.943E+00|7.056E+02|7.943E+00|1.050E+03|7.943E+00|8.802E+02
 0   |8.577E+00|7.971E+02|8.577E+00|9.804E+02|8.577E+00|9.391E+02
 0   |8.912E+00|1.083E+03|8.912E+00|1.590E+03|8.912E+00|1.247E+03
 0   |9.261E+00|1.411E+03|9.261E+00|1.569E+03|9.261E+00|1.527E+03
 0   |9.623E+00|1.789E+03|9.623E+00|2.642E+03|9.623E+00|1.976E+03
 0   |9.810E+00|1.958E+03|9.810E+00|5.186E+03|9.810E+00|2.397E+03
 0   |1.000E+01|2.068E+03|1.000E+01|2.899E+03|1.000E+01|2.269E+03
 0   |1.039E+01|1.908E+03|1.039E+01|3.282E+03|1.039E+01|2.180E+03
 0   |1.080E+01|1.619E+03|1.080E+01|4.834E+03|1.080E+01|2.103E+03
 0   |1.122E+01|1.415E+03|1.122E+01|6.669E+03|1.122E+01|2.135E+03
 0   |1.166E+01|1.176E+03|1.166E+01|7.982E+03|1.166E+01|2.045E+03
 0   |1.259E+01|7.545E+02|1.259E+01|8.163E+03|1.259E+01|1.583E+03
 0   |1.359E+01|6.374E+02|1.359E+01|6.818E+03|1.359E+01|1.298E+03
 0   |1.468E+01|5.990E+02|1.468E+01|5.117E+03|1.468E+01|1.091E+03
 0   |1.585E+01|7.125E+02|1.585E+01|4.046E+03|1.585E+01|1.091E+03
 0   |1.711E+01|9.374E+02|1.711E+01|3.523E+03|1.711E+01|1.244E+03
 0   |1.848E+01|9.591E+02|1.848E+01|3.133E+03|1.848E+01|1.246E+03
 0   |1.995E+01|7.474E+02|1.995E+01|2.464E+03|1.995E+01|9.971E+02
 0   |2.155E+01|5.913E+02|2.155E+01|1.833E+03|2.155E+01|7.904E+02
 0   |2.512E+01|4.114E+02|2.512E+01|9.776E+02|2.512E+01|5.343E+02
 0   |2.929E+01|3.026E+02|2.929E+01|4.419E+02|2.929E+01|3.740E+02
 0   |3.415E+01|2.229E+02|3.415E+01|7.007E+02|3.415E+01|3.141E+02
 0   |3.687E+01|1.922E+02|3.687E+01|9.308E+02|3.687E+01|3.047E+02
 0   |3.981E+01|1.675E+02|3.981E+01|1.182E+03|3.981E+01|3.024E+02
 0   |4.299E+01|1.457E+02|4.299E+01|1.417E+03|4.299E+01|2.996E+02
 0   |4.642E+01|1.251E+02|4.642E+01|1.411E+03|4.642E+01|2.724E+02
 0   |5.412E+01|9.052E+01|5.412E+01|9.794E+02|5.412E+01|1.923E+02
 0   |6.310E+01|7.156E+01|6.310E+01|6.588E+02|6.310E+01|1.429E+02
 0   |7.357E+01|5.596E+01|7.357E+01|4.250E+02|7.357E+01|1.053E+02
 0   |8.577E+01|4.368E+01|8.577E+01|2.617E+02|8.577E+01|7.756E+01
 0   |1.000E+02|3.444E+01|1.000E+02|1.273E+02|1.000E+02|5.563E+01
 0   |1.166E+02|2.703E+01|1.166E+02|8.301E+01|1.166E+02|4.297E+01
 0   |1.359E+02|2.075E+01|1.359E+02|5.729E+01|1.359E+02|3.300E+01
 0   |1.585E+02|1.589E+01|1.585E+02|3.979E+01|1.585E+02|2.528E+01
 0   |1.848E+02|1.174E+01|1.848E+02|2.712E+01|1.848E+02|1.871E+01
 0   |2.260E+02|8.161E+00|2.260E+02|1.752E+01|2.260E+02|1.304E+01
 0   |3.500E+02|3.636E+00|3.500E+02|7.790E+00|3.500E+02|5.913E+00
 0   |5.000E+02|1.773E+00|5.000E+02|3.787E+00|5.000E+02|2.897E+00
 0   |7.000E+02|9.091E-01|7.000E+02|1.926E+00|7.000E+02|1.477E+00
 0   |1.000E+03|4.768E-01|1.000E+03|1.006E+00|1.000E+03|7.811E-01
 0   |1.300E+03|3.095E-01|1.300E+03|6.485E-01|1.300E+03|5.110E-01
1.E+5|1.000E+00|9.662E+03|1.000E+00|1.158E+04|1.000E+00|1.119E+04
1.E+5|1.166E+00|8.270E+03|1.166E+00|9.810E+03|1.166E+00|9.538E+03
1.E+5|1.359E+00|6.950E+03|1.359E+00|8.296E+03|1.359E+00|8.019E+03
1.E+5|1.585E+00|5.573E+03|1.585E+00|6.871E+03|1.585E+00|6.490E+03
1.E+5|1.848E+00|4.447E+03|1.848E+00|5.745E+03|1.848E+00|5.240E+03
1.E+5|2.154E+00|3.512E+03|2.154E+00|4.789E+03|2.154E+00|4.193E+03
1.E+5|2.512E+00|2.714E+03|2.512E+00|3.946E+03|2.512E+00|3.283E+03
1.E+5|2.712E+00|2.402E+03|2.712E+00|3.588E+03|2.712E+00|2.904E+03
1.E+5|2.818E+00|2.260E+03|2.818E+00|7.426E+03|2.818E+00|3.155E+03
1.E+5|2.929E+00|2.129E+03|2.929E+00|3.244E+04|2.929E+00|5.753E+03
1.E+5|3.043E+00|2.007E+03|3.043E+00|3.483E+04|3.043E+00|5.390E+03
1.E+5|3.162E+00|1.892E+03|3.162E+00|1.779E+04|3.162E+00|3.672E+03
1.E+5|3.286E+00|1.778E+03|3.286E+00|5.696E+03|3.286E+00|2.488E+03
1.E+5|3.414E+00|1.667E+03|3.414E+00|3.447E+03|3.414E+00|2.165E+03
1.E+5|3.548E+00|1.559E+03|3.548E+00|2.878E+03|3.548E+00|1.993E+03
1.E+5|3.687E+00|1.488E+03|3.687E+00|2.107E+03|3.687E+00|1.842E+03
1.E+5|3.831E+00|1.420E+03|3.831E+00|2.058E+03|3.831E+00|1.763E+03
1.E+5|3.981E+00|1.356E+03|3.981E+00|1.939E+03|3.981E+00|1.682E+03
1.E+5|4.299E+00|1.227E+03|4.299E+00|1.968E+03|4.299E+00|1.545E+03
1.E+5|4.642E+00|1.112E+03|4.642E+00|2.091E+03|4.642E+00|1.433E+03
1.E+5|5.012E+00|1.012E+03|5.012E+00|1.426E+03|5.012E+00|1.259E+03
1.E+5|5.412E+00|9.256E+02|5.412E+00|1.292E+03|5.412E+00|1.149E+03
1.E+5|5.843E+00|8.698E+02|5.843E+00|2.756E+03|5.843E+00|1.229E+03
1.E+5|6.310E+00|8.422E+02|6.310E+00|2.454E+03|6.310E+00|1.172E+03
1.E+5|6.813E+00|8.138E+02|6.813E+00|2.277E+03|6.813E+00|1.124E+03
1.E+5|7.356E+00|7.855E+02|7.356E+00|1.479E+03|7.356E+00|1.013E+03
1.E+5|7.943E+00|7.734E+02|7.943E+00|1.158E+03|7.943E+00|9.600E+02
1.E+5|8.577E+00|8.628E+02|8.577E+00|1.071E+03|8.577E+00|1.015E+03
1.E+5|8.912E+00|1.156E+03|8.912E+00|1.696E+03|8.912E+00|1.332E+03
1.E+5|9.261E+00|1.492E+03|9.261E+00|1.664E+03|9.261E+00|1.618E+03
1.E+5|9.623E+00|1.887E+03|9.623E+00|2.742E+03|9.623E+00|2.084E+03
1.E+5|9.810E+00|2.065E+03|9.810E+00|5.380E+03|9.810E+00|2.527E+03
1.E+5|1.000E+01|2.195E+03|1.000E+01|3.071E+03|1.000E+01|2.416E+03
1.E+5|1.039E+01|2.063E+03|1.039E+01|3.436E+03|1.039E+01|2.348E+03
1.E+5|1.080E+01|1.781E+03|1.080E+01|5.039E+03|1.080E+01|2.284E+03
1.E+5|1.122E+01|1.577E+03|1.122E+01|6.964E+03|1.122E+01|2.330E+03
1.E+5|1.166E+01|1.331E+03|1.166E+01|8.372E+03|1.166E+01|2.250E+03
1.E+5|1.259E+01|8.572E+02|1.259E+01|8.593E+03|1.259E+01|1.741E+03
1.E+5|1.359E+01|7.157E+02|1.359E+01|7.219E+03|1.359E+01|1.422E+03
1.E+5|1.468E+01|6.673E+02|1.468E+01|5.466E+03|1.468E+01|1.196E+03
1.E+5|1.585E+01|7.810E+02|1.585E+01|4.343E+03|1.585E+01|1.190E+03
1.E+5|1.711E+01|1.023E+03|1.711E+01|3.812E+03|1.711E+01|1.361E+03
1.E+5|1.848E+01|1.072E+03|1.848E+01|3.457E+03|1.848E+01|1.395E+03
1.E+5|1.995E+01|8.633E+02|1.995E+01|2.779E+03|1.995E+01|1.148E+03
1.E+5|2.155E+01|6.942E+02|2.155E+01|2.098E+03|2.155E+01|9.234E+02
1.E+5|2.512E+01|4.920E+02|2.512E+01|1.153E+03|2.512E+01|6.356E+02
1.E+5|2.929E+01|3.660E+02|2.929E+01|5.452E+02|2.929E+01|4.497E+02
1.E+5|3.415E+01|2.732E+02|3.415E+01|7.917E+02|3.415E+01|3.744E+02
1.E+5|3.687E+01|2.368E+02|3.687E+01|1.030E+03|3.687E+01|3.605E+02
1.E+5|3.981E+01|2.067E+02|3.981E+01|1.293E+03|3.981E+01|3.548E+02
1.E+5|4.299E+01|1.801E+02|4.299E+01|1.545E+03|4.299E+01|3.494E+02
1.E+5|4.642E+01|1.550E+02|4.642E+01|1.545E+03|4.642E+01|3.181E+02
1.E+5|5.412E+01|1.129E+02|5.412E+01|1.090E+03|5.412E+01|2.266E+02
1.E+5|6.310E+01|8.972E+01|6.310E+01|7.425E+02|6.310E+01|1.699E+02
1.E+5|7.357E+01|7.074E+01|7.357E+01|4.857E+02|7.357E+01|1.264E+02
1.E+5|8.577E+01|5.579E+01|8.577E+01|3.041E+02|8.577E+01|9.412E+01
1.E+5|1.000E+02|4.459E+01|1.000E+02|1.536E+02|1.000E+02|6.855E+01
1.E+5|1.166E+02|3.565E+01|1.166E+02|1.019E+02|1.166E+02|5.340E+01
1.E+5|1.359E+02|2.804E+01|1.359E+02|7.128E+01|1.359E+02|4.137E+01
1.E+5|1.585E+02|2.218E+01|1.585E+02|5.022E+01|1.585E+02|3.204E+01
1.E+5|1.848E+02|1.708E+01|1.848E+02|3.465E+01|1.848E+02|2.396E+01
1.E+5|2.260E+02|1.255E+01|2.260E+02|2.266E+01|2.260E+02|1.691E+01
1.E+5|3.500E+02|6.501E+00|3.500E+02|1.012E+01|3.500E+02|7.836E+00
1.E+5|5.000E+02|3.886E+00|5.000E+02|4.958E+00|5.000E+02|3.920E+00
1.E+5|7.000E+02|2.206E+00|7.000E+02|2.533E+00|7.000E+02|2.003E+00
1.E+5|1.000E+03|1.272E+00|1.000E+03|1.332E+00|1.000E+03|1.065E+00
1.E+5|1.300E+03|8.961E-01|1.300E+03|8.641E-01|1.300E+03|7.006E-01
1.E+6|1.000E+00|1.179E+04|1.000E+00|1.041E+04|1.000E+00|1.309E+04
1.E+6|1.166E+00|1.033E+04|1.166E+00|8.915E+03|1.166E+00|1.144E+04
1.E+6|1.359E+00|8.779E+03|1.359E+00|7.704E+03|1.359E+00|9.799E+03
1.E+6|1.585E+00|7.037E+03|1.585E+00|6.541E+03|1.585E+00|8.010E+03
1.E+6|1.848E+00|5.542E+03|1.848E+00|5.595E+03|1.848E+00|6.438E+03
1.E+6|2.154E+00|4.301E+03|2.154E+00|4.756E+03|2.154E+00|5.080E+03
1.E+6|2.512E+00|3.266E+03|2.512E+00|3.968E+03|2.512E+00|3.897E+03
1.E+6|2.712E+00|2.865E+03|2.712E+00|3.598E+03|2.712E+00|3.393E+03
1.E+6|2.818E+00|2.684E+03|2.818E+00|7.410E+03|2.818E+00|3.607E+03
1.E+6|2.929E+00|2.518E+03|2.929E+00|3.138E+04|2.929E+00|6.563E+03
1.E+6|3.043E+00|2.365E+03|3.043E+00|3.506E+04|3.043E+00|6.240E+03
1.E+6|3.162E+00|2.222E+03|3.162E+00|1.943E+04|3.162E+00|4.338E+03
1.E+6|3.286E+00|2.082E+03|3.286E+00|6.221E+03|3.286E+00|2.941E+03
1.E+6|3.414E+00|1.946E+03|3.414E+00|3.694E+03|3.414E+00|2.538E+03
1.E+6|3.548E+00|1.814E+03|3.548E+00|3.067E+03|3.548E+00|2.323E+03
1.E+6|3.687E+00|1.724E+03|3.687E+00|2.224E+03|3.687E+00|2.134E+03
1.E+6|3.831E+00|1.642E+03|3.831E+00|2.169E+03|3.831E+00|2.033E+03
1.E+6|3.981E+00|1.563E+03|3.981E+00|2.043E+03|3.981E+00|1.932E+03
1.E+6|4.299E+00|1.409E+03|4.299E+00|2.073E+03|4.299E+00|1.762E+03
1.E+6|4.642E+00|1.272E+03|4.642E+00|2.205E+03|4.642E+00|1.625E+03
1.E+6|5.012E+00|1.152E+03|5.012E+00|1.497E+03|5.012E+00|1.421E+03
1.E+6|5.412E+00|1.050E+03|5.412E+00|1.353E+03|5.412E+00|1.289E+03
1.E+6|5.843E+00|9.824E+02|5.843E+00|2.876E+03|5.843E+00|1.367E+03
1.E+6|6.310E+00|9.481E+02|6.310E+00|2.579E+03|6.310E+00|1.304E+03
1.E+6|6.813E+00|9.138E+02|6.813E+00|2.386E+03|6.813E+00|1.246E+03
1.E+6|7.356E+00|8.795E+02|7.356E+00|1.548E+03|7.356E+00|1.122E+03
1.E+6|7.943E+00|8.617E+02|7.943E+00|1.206E+03|7.943E+00|1.057E+03
1.E+6|8.577E+00|9.473E+02|8.577E+00|1.107E+03|8.577E+00|1.103E+03
1.E+6|8.912E+00|1.250E+03|8.912E+00|1.744E+03|8.912E+00|1.432E+03
1.E+6|9.261E+00|1.595E+03|9.261E+00|1.696E+03|9.261E+00|1.723E+03
1.E+6|9.623E+00|2.011E+03|9.623E+00|2.773E+03|9.623E+00|2.202E+03
1.E+6|9.810E+00|2.200E+03|9.810E+00|5.478E+03|9.810E+00|2.678E+03
1.E+6|1.000E+01|2.354E+03|1.000E+01|3.138E+03|1.000E+01|2.579E+03
1.E+6|1.039E+01|2.258E+03|1.039E+01|3.479E+03|1.039E+01|2.522E+03
1.E+6|1.080E+01|1.990E+03|1.080E+01|5.101E+03|1.080E+01|2.478E+03
1.E+6|1.122E+01|1.788E+03|1.122E+01|7.062E+03|1.122E+01|2.555E+03
1.E+6|1.166E+01|1.539E+03|1.166E+01|8.523E+03|1.166E+01|2.506E+03
1.E+6|1.259E+01|9.951E+02|1.259E+01|8.866E+03|1.259E+01|1.964E+03
1.E+6|1.359E+01|8.184E+02|1.359E+01|7.574E+03|1.359E+01|1.602E+03
1.E+6|1.468E+01|7.557E+02|1.468E+01|5.813E+03|1.468E+01|1.347E+03
1.E+6|1.585E+01|8.680E+02|1.585E+01|4.628E+03|1.585E+01|1.327E+03
1.E+6|1.711E+01|1.130E+03|1.711E+01|4.059E+03|1.711E+01|1.513E+03
1.E+6|1.848E+01|1.216E+03|1.848E+01|3.698E+03|1.848E+01|1.584E+03
1.E+6|1.995E+01|1.017E+03|1.995E+01|2.996E+03|1.995E+01|1.343E+03
1.E+6|2.155E+01|8.343E+02|2.155E+01|2.271E+03|2.155E+01|1.098E+03
1.E+6|2.512E+01|6.051E+02|2.512E+01|1.248E+03|2.512E+01|7.679E+02
1.E+6|2.929E+01|4.560E+02|2.929E+01|5.840E+02|2.929E+01|5.453E+02
1.E+6|3.415E+01|3.454E+02|3.415E+01|8.356E+02|3.415E+01|4.513E+02
1.E+6|3.687E+01|3.011E+02|3.687E+01|1.084E+03|3.687E+01|4.339E+02
1.E+6|3.981E+01|2.631E+02|3.981E+01|1.362E+03|3.981E+01|4.269E+02
1.E+6|4.299E+01|2.295E+02|4.299E+01|1.633E+03|4.299E+01|4.215E+02
1.E+6|4.642E+01|1.980E+02|4.642E+01|1.653E+03|4.642E+01|3.869E+02
1.E+6|5.412E+01|1.449E+02|5.412E+01|1.191E+03|5.412E+01|2.796E+02
1.E+6|6.310E+01|1.157E+02|6.310E+01|8.207E+02|6.310E+01|2.112E+02
1.E+6|7.357E+01|9.188E+01|7.357E+01|5.409E+02|7.357E+01|1.580E+02
1.E+6|8.577E+01|7.317E+01|8.577E+01|3.396E+02|8.577E+01|1.182E+02
1.E+6|1.000E+02|5.924E+01|1.000E+02|1.715E+02|1.000E+02|8.647E+01
1.E+6|1.166E+02|4.821E+01|1.166E+02|1.134E+02|1.166E+02|6.753E+01
1.E+6|1.359E+02|3.882E+01|1.359E+02|7.915E+01|1.359E+02|5.251E+01
1.E+6|1.585E+02|3.162E+01|1.585E+02|5.572E+01|1.585E+02|4.086E+01
1.E+6|1.848E+02|2.528E+01|1.848E+02|3.842E+01|1.848E+02|3.066E+01
1.E+6|2.260E+02|1.946E+01|2.260E+02|2.509E+01|2.260E+02|2.169E+01
1.E+6|3.500E+02|1.128E+01|3.500E+02|1.122E+01|3.500E+02|1.008E+01
1.E+6|5.000E+02|7.614E+00|5.000E+02|5.502E+00|5.000E+02|5.043E+00
1.E+6|7.000E+02|4.563E+00|7.000E+02|2.815E+00|7.000E+02|2.573E+00
1.E+6|1.000E+03|2.742E+00|1.000E+03|1.481E+00|1.000E+03|1.367E+00
1.E+6|1.300E+03|1.993E+00|1.300E+03|9.621E-01|1.300E+03|8.992E-01
1.E+7|1.000E+00|1.067E+04|1.000E+00|9.959E+03|1.000E+00|1.124E+04
1.E+7|1.166E+00|1.029E+04|1.166E+00|8.613E+03|1.166E+00|1.029E+04
1.E+7|1.359E+00|9.761E+03|1.359E+00|7.506E+03|1.359E+00|9.301E+03
1.E+7|1.585E+00|8.763E+03|1.585E+00|6.431E+03|1.585E+00|8.038E+03
1.E+7|1.848E+00|7.512E+03|1.848E+00|5.548E+03|1.848E+00|6.759E+03
1.E+7|2.154E+00|6.072E+03|2.154E+00|4.752E+03|2.154E+00|5.506E+03
1.E+7|2.512E+00|4.621E+03|2.512E+00|3.986E+03|2.512E+00|4.300E+03
1.E+7|2.712E+00|4.012E+03|2.712E+00|3.614E+03|2.712E+00|3.735E+03
1.E+7|2.818E+00|3.735E+03|2.818E+00|7.180E+03|2.818E+00|3.925E+03
1.E+7|2.929E+00|3.478E+03|2.929E+00|2.634E+04|2.929E+00|7.223E+03
1.E+7|3.043E+00|3.241E+03|3.043E+00|2.925E+04|3.043E+00|7.116E+03
1.E+7|3.162E+00|3.022E+03|3.162E+00|1.810E+04|3.162E+00|5.124E+03
1.E+7|3.286E+00|2.810E+03|3.286E+00|6.281E+03|3.286E+00|3.440E+03
1.E+7|3.414E+00|2.606E+03|3.414E+00|3.771E+03|3.414E+00|2.937E+03
1.E+7|3.548E+00|2.408E+03|3.548E+00|3.139E+03|3.548E+00|2.676E+03
1.E+7|3.687E+00|2.267E+03|3.687E+00|2.285E+03|3.687E+00|2.443E+03
1.E+7|3.831E+00|2.139E+03|3.831E+00|2.229E+03|3.831E+00|2.319E+03
1.E+7|3.981E+00|2.021E+03|3.981E+00|2.100E+03|3.981E+00|2.198E+03
1.E+7|4.299E+00|1.795E+03|4.299E+00|2.131E+03|4.299E+00|1.995E+03
1.E+7|4.642E+00|1.600E+03|4.642E+00|2.267E+03|4.642E+00|1.833E+03
1.E+7|5.012E+00|1.431E+03|5.012E+00|1.546E+03|5.012E+00|1.592E+03
1.E+7|5.412E+00|1.288E+03|5.412E+00|1.397E+03|5.412E+00|1.434E+03
1.E+7|5.843E+00|1.191E+03|5.843E+00|2.932E+03|5.843E+00|1.513E+03
1.E+7|6.310E+00|1.137E+03|6.310E+00|2.649E+03|6.310E+00|1.443E+03
1.E+7|6.813E+00|1.087E+03|6.813E+00|2.452E+03|6.813E+00|1.371E+03
1.E+7|7.356E+00|1.039E+03|7.356E+00|1.599E+03|7.356E+00|1.227E+03
1.E+7|7.943E+00|1.008E+03|7.943E+00|1.245E+03|7.943E+00|1.148E+03
1.E+7|8.577E+00|1.086E+03|8.577E+00|1.141E+03|8.577E+00|1.184E+03
1.E+7|8.912E+00|1.404E+03|8.912E+00|1.789E+03|8.912E+00|1.527E+03
1.E+7|9.261E+00|1.763E+03|9.261E+00|1.739E+03|9.261E+00|1.822E+03
1.E+7|9.623E+00|2.211E+03|9.623E+00|2.806E+03|9.623E+00|2.309E+03
1.E+7|9.810E+00|2.416E+03|9.810E+00|5.468E+03|9.810E+00|2.824E+03
1.E+7|1.000E+01|2.605E+03|1.000E+01|3.197E+03|1.000E+01|2.729E+03
1.E+7|1.039E+01|2.560E+03|1.039E+01|3.511E+03|1.039E+01|2.669E+03
1.E+7|1.080E+01|2.315E+03|1.080E+01|5.072E+03|1.080E+01|2.644E+03
1.E+7|1.122E+01|2.117E+03|1.122E+01|6.943E+03|1.122E+01|2.755E+03
1.E+7|1.166E+01|1.869E+03|1.166E+01|8.345E+03|1.166E+01|2.746E+03
1.E+7|1.259E+01|1.213E+03|1.259E+01|8.771E+03|1.259E+01|2.193E+03
1.E+7|1.359E+01|9.766E+02|1.359E+01|7.641E+03|1.359E+01|1.790E+03
1.E+7|1.468E+01|8.899E+02|1.468E+01|5.968E+03|1.468E+01|1.503E+03
1.E+7|1.585E+01|9.982E+02|1.585E+01|4.786E+03|1.585E+01|1.464E+03
1.E+7|1.711E+01|1.289E+03|1.711E+01|4.210E+03|1.711E+01|1.659E+03
1.E+7|1.848E+01|1.426E+03|1.848E+01|3.845E+03|1.848E+01|1.757E+03
1.E+7|1.995E+01|1.248E+03|1.995E+01|3.125E+03|1.995E+01|1.522E+03
1.E+7|2.155E+01|1.049E+03|2.155E+01|2.373E+03|2.155E+01|1.258E+03
1.E+7|2.512E+01|7.820E+02|2.512E+01|1.300E+03|2.512E+01|8.876E+02
1.E+7|2.929E+01|5.977E+02|2.929E+01|6.043E+02|2.929E+01|6.279E+02
1.E+7|3.415E+01|4.600E+02|3.415E+01|8.567E+02|3.415E+01|5.177E+02
1.E+7|3.687E+01|4.032E+02|3.687E+01|1.107E+03|3.687E+01|4.988E+02
1.E+7|3.981E+01|3.526E+02|3.981E+01|1.389E+03|3.981E+01|4.929E+02
1.E+7|4.299E+01|3.075E+02|4.299E+01|1.665E+03|4.299E+01|4.902E+02
1.E+7|4.642E+01|2.656E+02|4.642E+01|1.692E+03|4.642E+01|4.547E+02
1.E+7|5.412E+01|1.951E+02|5.412E+01|1.228E+03|5.412E+01|3.327E+02
1.E+7|6.310E+01|1.564E+02|6.310E+01|8.480E+02|6.310E+01|2.520E+02
1.E+7|7.357E+01|1.251E+02|7.357E+01|5.592E+02|7.357E+01|1.888E+02
1.E+7|8.577E+01|1.006E+02|8.577E+01|3.508E+02|8.577E+01|1.409E+02
1.E+7|1.000E+02|8.257E+01|1.000E+02|1.767E+02|1.000E+02|1.026E+02
1.E+7|1.166E+02|6.852E+01|1.166E+02|1.165E+02|1.166E+02|7.992E+01
1.E+7|1.359E+02|5.656E+01|1.359E+02|8.119E+01|1.359E+02|6.207E+01
1.E+7|1.585E+02|4.752E+01|1.585E+02|5.709E+01|1.585E+02|4.828E+01
1.E+7|1.848E+02|3.943E+01|1.848E+02|3.933E+01|1.848E+02|3.619E+01
1.E+7|2.260E+02|3.169E+01|2.260E+02|2.566E+01|2.260E+02|2.554E+01
1.E+7|3.500E+02|2.017E+01|3.500E+02|1.146E+01|3.500E+02|1.182E+01
1.E+7|5.000E+02|1.488E+01|5.000E+02|5.623E+00|5.000E+02|5.900E+00
1.E+7|7.000E+02|9.277E+00|7.000E+02|2.876E+00|7.000E+02|3.011E+00
1.E+7|1.000E+03|5.733E+00|1.000E+03|1.513E+00|1.000E+03|1.599E+00
1.E+7|1.300E+03|4.250E+00|1.300E+03|9.825E-01|1.300E+03|1.052E+00
1.E+8|1.000E+00|7.877E+03|1.000E+00|9.386E+03|1.000E+00|8.542E+03
1.E+8|1.166E+00|7.381E+03|1.166E+00|8.159E+03|1.166E+00|7.677E+03
1.E+8|1.359E+00|6.962E+03|1.359E+00|7.163E+03|1.359E+00|6.930E+03
1.E+8|1.585E+00|6.379E+03|1.585E+00|6.179E+03|1.585E+00|6.119E+03
1.E+8|1.848E+00|5.805E+03|1.848E+00|5.362E+03|1.848E+00|5.344E+03
1.E+8|2.154E+00|5.176E+03|2.154E+00|4.612E+03|2.154E+00|4.553E+03
1.E+8|2.512E+00|4.385E+03|2.512E+00|3.866E+03|2.512E+00|3.726E+03
1.E+8|2.712E+00|3.983E+03|2.712E+00|3.476E+03|2.712E+00|3.321E+03
1.E+8|2.818E+00|3.778E+03|2.818E+00|7.047E+03|2.818E+00|3.543E+03
1.E+8|2.929E+00|3.575E+03|2.929E+00|2.657E+04|2.929E+00|6.298E+03
1.E+8|3.043E+00|3.375E+03|3.043E+00|3.025E+04|3.043E+00|6.185E+03
1.E+8|3.162E+00|3.181E+03|3.162E+00|1.937E+04|3.162E+00|4.561E+03
1.E+8|3.286E+00|2.987E+03|3.286E+00|6.664E+03|3.286E+00|3.141E+03
1.E+8|3.414E+00|2.792E+03|3.414E+00|3.892E+03|3.414E+00|2.721E+03
1.E+8|3.548E+00|2.597E+03|3.548E+00|3.204E+03|3.548E+00|2.507E+03
1.E+8|3.687E+00|2.451E+03|3.687E+00|2.286E+03|3.687E+00|2.313E+03
1.E+8|3.831E+00|2.318E+03|3.831E+00|2.224E+03|3.831E+00|2.214E+03
1.E+8|3.981E+00|2.195E+03|3.981E+00|2.089E+03|3.981E+00|2.115E+03
1.E+8|4.299E+00|1.957E+03|4.299E+00|2.124E+03|4.299E+00|1.946E+03
1.E+8|4.642E+00|1.748E+03|4.642E+00|2.276E+03|4.642E+00|1.810E+03
1.E+8|5.012E+00|1.566E+03|5.012E+00|1.525E+03|5.012E+00|1.589E+03
1.E+8|5.412E+00|1.408E+03|5.412E+00|1.370E+03|5.412E+00|1.444E+03
1.E+8|5.843E+00|1.298E+03|5.843E+00|2.958E+03|5.843E+00|1.530E+03
1.E+8|6.310E+00|1.236E+03|6.310E+00|2.693E+03|6.310E+00|1.467E+03
1.E+8|6.813E+00|1.178E+03|6.813E+00|2.486E+03|6.813E+00|1.399E+03
1.E+8|7.356E+00|1.122E+03|7.356E+00|1.602E+03|7.356E+00|1.257E+03
1.E+8|7.943E+00|1.085E+03|7.943E+00|1.232E+03|7.943E+00|1.179E+03
1.E+8|8.577E+00|1.159E+03|8.577E+00|1.117E+03|8.577E+00|1.217E+03
1.E+8|8.912E+00|1.487E+03|8.912E+00|1.776E+03|8.912E+00|1.565E+03
1.E+8|9.261E+00|1.855E+03|9.261E+00|1.715E+03|9.261E+00|1.862E+03
1.E+8|9.623E+00|2.320E+03|9.623E+00|2.777E+03|9.623E+00|2.346E+03
1.E+8|9.810E+00|2.532E+03|9.810E+00|5.500E+03|9.810E+00|2.856E+03
1.E+8|1.000E+01|2.739E+03|1.000E+01|3.213E+03|1.000E+01|2.778E+03
1.E+8|1.039E+01|2.720E+03|1.039E+01|3.503E+03|1.039E+01|2.724E+03
1.E+8|1.080E+01|2.490E+03|1.080E+01|5.075E+03|1.080E+01|2.706E+03
1.E+8|1.122E+01|2.296E+03|1.122E+01|6.979E+03|1.122E+01|2.823E+03
1.E+8|1.166E+01|2.051E+03|1.166E+01|8.449E+03|1.166E+01|2.830E+03
1.E+8|1.259E+01|1.332E+03|1.259E+01|9.051E+03|1.259E+01|2.289E+03
1.E+8|1.359E+01|1.059E+03|1.359E+01|8.023E+03|1.359E+01|1.875E+03
1.E+8|1.468E+01|9.575E+02|1.468E+01|6.336E+03|1.468E+01|1.576E+03
1.E+8|1.585E+01|1.062E+03|1.585E+01|5.080E+03|1.585E+01|1.529E+03
1.E+8|1.711E+01|1.365E+03|1.711E+01|4.465E+03|1.711E+01|1.730E+03
1.E+8|1.848E+01|1.524E+03|1.848E+01|4.101E+03|1.848E+01|1.840E+03
1.E+8|1.995E+01|1.359E+03|1.995E+01|3.360E+03|1.995E+01|1.606E+03
1.E+8|2.155E+01|1.156E+03|2.155E+01|2.558E+03|2.155E+01|1.333E+03
1.E+8|2.512E+01|8.707E+02|2.512E+01|1.395E+03|2.512E+01|9.423E+02
1.E+8|2.929E+01|6.683E+02|2.929E+01|6.342E+02|2.929E+01|6.645E+02
1.E+8|3.415E+01|5.170E+02|3.415E+01|8.928E+02|3.415E+01|5.447E+02
1.E+8|3.687E+01|4.538E+02|3.687E+01|1.156E+03|3.687E+01|5.234E+02
1.E+8|3.981E+01|3.965E+02|3.981E+01|1.454E+03|3.981E+01|5.159E+02
1.E+8|4.299E+01|3.454E+02|4.299E+01|1.755E+03|4.299E+01|5.124E+02
1.E+8|4.642E+01|2.980E+02|4.642E+01|1.809E+03|4.642E+01|4.757E+02
1.E+8|5.412E+01|2.188E+02|5.412E+01|1.343E+03|5.412E+01|3.482E+02
1.E+8|6.310E+01|1.756E+02|6.310E+01|9.374E+02|6.310E+01|2.635E+02
1.E+8|7.357E+01|1.408E+02|7.357E+01|6.216E+02|7.357E+01|1.970E+02
1.E+8|8.577E+01|1.137E+02|8.577E+01|3.902E+02|8.577E+01|1.468E+02
1.E+8|1.000E+02|9.384E+01|1.000E+02|1.953E+02|1.000E+02|1.067E+02
1.E+8|1.166E+02|7.861E+01|1.166E+02|1.277E+02|1.166E+02|8.305E+01
1.E+8|1.359E+02|6.572E+01|1.359E+02|8.853E+01|1.359E+02|6.453E+01
1.E+8|1.585E+02|5.609E+01|1.585E+02|6.193E+01|1.585E+02|5.026E+01
1.E+8|1.848E+02|4.741E+01|1.848E+02|4.234E+01|1.848E+02|3.773E+01
1.E+8|2.260E+02|3.891E+01|2.260E+02|2.736E+01|2.260E+02|2.668E+01
1.E+8|3.500E+02|2.583E+01|3.500E+02|1.203E+01|3.500E+02|1.240E+01
1.E+8|5.000E+02|1.977E+01|5.000E+02|5.722E+00|5.000E+02|6.213E+00
1.E+8|7.000E+02|1.255E+01|7.000E+02|2.927E+00|7.000E+02|3.176E+00
1.E+8|1.000E+03|7.845E+00|1.000E+03|1.539E+00|1.000E+03|1.689E+00
1.E+8|1.300E+03|5.863E+00|1.300E+03|9.997E-01|1.300E+03|1.112E+00